# Frame list with one line of data per frame:
#   FRAME_ID, RIG_ID, RIG_FROM_WORLD[QW, QX, QY, QZ, TX, TY, TZ], NUM_DATA_IDS, DATA_IDS[] as (SENSOR_TYPE, SENSOR_ID, DATA_ID)
# Number of frames: 100
1 1 0.044674349674794715 -0.0026667122796577092 0.59492632691115754 0.80253333679963124 -0.11477964124572779 -1.4623757580109984 1.9925208357876867 1 CAMERA 1 1
2 1 0.18438362025269669 -0.065413594818059986 0.74666127023507922 0.63578352426468721 0.063574247388140173 -2.3434875838743472 2.8759004147768215 1 CAMERA 1 2
3 1 0.96382493761268495 0.20778903405187132 0.046599200158385833 0.16029261214508006 0.33960192411327933 -0.70842734918225891 1.6878510055016827 1 CAMERA 1 3
4 1 -0.20635808681772619 0.07198581763904964 0.7250134503486414 0.65313848369034533 -0.38369464752554527 -2.3118580212568904 2.8720347048057508 1 CAMERA 1 4
5 1 0.67485755616340959 -0.12898695112592706 0.46881735043317596 0.55510353742451035 0.54558429632021699 -1.9916402339668244 2.4994278696812913 1 CAMERA 1 5
6 1 0.693390437094491 -0.22697571433377123 0.50327814560909123 0.46303653743615042 0.56929361720327409 -2.4165002082194329 3.1191136105645878 1 CAMERA 1 6
7 1 0.96202488908140482 -0.24279205248191441 0.08379945597229306 0.092400125639945374 0.29779073765603548 -2.5553408733596612 3.3162936637169609 1 CAMERA 1 7
8 1 -0.39478764805727823 0.06497444271350783 0.56875508965759913 0.71863668339714493 -0.52046993658313578 -1.8134446656160581 2.3153554123258906 1 CAMERA 1 8
9 1 -0.0053510763462359797 0.0021136714933599134 0.2959333561571541 0.95519126204562721 -0.17236633239584465 0.31257304584879736 1.5972569525661253 1 CAMERA 1 9
10 1 0.35538144539372996 -0.15298714754315126 0.73503360799879913 0.5567984878470319 0.28342865293045438 -2.5151574904382503 3.2222881655697746 1 CAMERA 1 10
11 1 -0.082706847546003256 0.038551905067551455 0.79125457822790302 0.60463999240709165 -0.26235934163433489 -2.4999186932759194 3.1825722916197159 1 CAMERA 1 11
12 1 0.59763239306057725 -0.15228288271421919 -0.5422334851608539 -0.57063849674487366 -0.58004441643075533 -2.2980526964509584 2.9083855382030199 1 CAMERA 1 12
13 1 -0.034637401694965951 0.018923370875982087 0.80618068748504734 0.590351467826284 -0.20684188635985376 -2.5413500324118776 3.2641327733429071 1 CAMERA 1 13
14 1 0.5486895851739465 -0.021424064112821464 -0.43640675235590604 -0.71276215885574556 -0.57417900433510816 -1.4320499382768457 2.0422499375214977 1 CAMERA 1 14
15 1 0.98586354818422373 -0.054478410354695528 -0.087690708031962827 -0.13196782521391837 -0.015789752292538862 -2.0488323457457591 2.4785820667215228 1 CAMERA 1 15
16 1 0.58529594455194478 -0.083575675793338855 0.49191418037572365 0.63911204248708509 0.47960261104264085 -1.7240473307751776 2.234801703946232 1 CAMERA 1 16
17 1 0.99944398100586895 0.015288402439231448 0.012012739168043312 0.027086669778271878 0.19520578949963066 -1.7384058460690703 2.1953811560522105 1 CAMERA 1 17
18 1 -0.14896191817359963 0.014220442013349151 0.55081130057806282 0.82110598409613955 -0.32036985154767139 -1.3001097227047631 1.9193696464618655 1 CAMERA 1 18
19 1 0.92609808867912136 -0.22833248160882916 0.20383824328211916 0.2205823623114313 0.45378742511558628 -2.4708234711109731 3.1753439773663183 1 CAMERA 1 19
20 1 0.83410573068358518 -0.40444222749238978 0.30677169651780883 0.21583614358439132 0.50547613259459345 -2.7201888844696871 4.2091006767701282 1 CAMERA 1 20
21 1 0.38507699347919055 -0.10027284687882718 0.63883564597798614 0.65844520098466197 0.29588964930921224 -2.0658844354887522 2.5243086757755235 1 CAMERA 1 21
22 1 0.98142802470965407 0.18724782685942687 0.01013785138474858 0.04042904426559582 0.21296880164789889 -0.90125386845780697 1.733321506375348 1 CAMERA 1 22
23 1 0.43943998906287801 -0.059186583066703768 0.5404370523511417 0.71506449837991215 0.34825555026736155 -1.5850812500180995 2.0983605417770006 1 CAMERA 1 23
24 1 0.57629504229304218 -0.10633967204233902 0.51946349500451316 0.62187906841771468 0.47714417601914955 -1.884210203931918 2.3715983952687538 1 CAMERA 1 24
25 1 0.089237943397691005 -0.02212218538563224 0.70291302082520857 0.70530878594151514 -0.0597129063538787 -2.0714605299281139 2.5101342421255568 1 CAMERA 1 25
26 1 0.87112683210482966 -0.32778352772740499 0.27844403634779169 0.23699139216421169 0.49978083107736854 -2.6532290690683413 3.7261129855663393 1 CAMERA 1 26
27 1 -0.096453606073466827 0.028308836952146001 0.69145863091718529 0.71538819766331996 -0.27326620517906075 -2.0458743891670039 2.5028197763638493 1 CAMERA 1 27
28 1 0.58601878729921419 -0.28866918034170169 -0.62397362125826439 -0.42884613234475683 -0.57460918146803652 -2.6906361246228849 4.0163885982182466 1 CAMERA 1 28
29 1 0.91766458044256538 -0.14826558025906628 0.22762990353545307 0.28998907311837324 0.50290273022118204 -2.2022865908817946 2.7414825123143514 1 CAMERA 1 29
30 1 0.74244635213824606 -0.30387910664974216 -0.46855408498312484 -0.36998374583756105 -0.48504704220586919 -2.6886157032777653 3.8861246050503695 1 CAMERA 1 30
31 1 0.34540527743386612 -0.15218174293386896 0.74268903843844913 0.55312648067310588 0.27397439182118632 -2.5318744615400446 3.2575190939880594 1 CAMERA 1 31
32 1 0.9292459363264004 0.10714291678163632 0.13470388518844645 0.32692085971918744 0.49202500715004743 -1.0563234006664584 1.8313926041295543 1 CAMERA 1 32
33 1 0.86852893694757227 -0.37342540459447721 -0.26008856307720479 -0.19637945983377691 -0.21484932162197357 -2.7581315341148804 4.1991522471726501 1 CAMERA 1 33
34 1 0.51945880313684722 -0.14666257843624703 0.59742257012504274 0.5930758068200509 0.43784914781100426 -2.1920557850746949 2.7061568897012163 1 CAMERA 1 34
35 1 -0.021051775477071773 0.0022843471211156266 0.48506502817920122 0.87422166693865688 -0.18567986508100062 -0.81860679930510172 1.7070142303899751 1 CAMERA 1 35
36 1 -0.07427970070855304 -0.0041290180973856472 0.40593843333351154 0.91086742482917549 -0.24530169784153186 -0.36895999869423918 1.6098479526664422 1 CAMERA 1 36
37 1 0.75806733595428766 -0.016062552854295503 -0.33252760414087534 -0.56080415569011399 -0.52255583662074567 -1.627379595977305 2.1611533013242656 1 CAMERA 1 37
38 1 0.78421466067942802 -0.33573567238730279 -0.41495450001909723 -0.3163885067065435 -0.42019631473291502 -2.7228271999893328 4.0552826980542189 1 CAMERA 1 38
39 1 0.68481417368535857 0.028324233614951358 -0.32998027628564131 -0.64910731206189409 -0.56548740821566934 -1.2319025539149924 1.9276489321655885 1 CAMERA 1 39
40 1 0.56719689161684028 -0.12143823125433545 0.53999797931712068 0.60987099001628153 0.47139621778311674 -1.9904725879492293 2.477099651557678 1 CAMERA 1 40
41 1 0.51103801451364161 -0.081947186162505556 -0.53031024732206511 -0.67148778692334599 -0.56834190695130671 -1.9059120591146479 2.4152078623801732 1 CAMERA 1 41
42 1 0.41880756752001375 -0.14626356653376246 0.67377470565164277 0.59096094330914539 0.34425503309546451 -2.3429863903780785 2.9111842188513015 1 CAMERA 1 42
43 1 0.71307108231535365 0.18017050260296105 0.17777511064471976 0.65380748817420598 0.56463856776697297 0.054874310358861852 1.6320036577683743 1 CAMERA 1 43
44 1 -0.032384661629479512 0.0089037504754084194 0.6388541967200313 0.76859434830853379 -0.2014503156689848 -1.7285033318547449 2.1906071206679778 1 CAMERA 1 44
45 1 0.34244478746289581 -0.052949363085362987 0.58257803298441069 0.73520797599887444 0.23965983351677397 -1.6399479710108105 2.1366583122107392 1 CAMERA 1 45
46 1 0.10987185746004421 -0.023811774407080752 0.67626953404273071 0.72802519988218406 -0.035297856664164733 -1.9362198327265554 2.3679628681886311 1 CAMERA 1 46
47 1 0.89231805602944014 -0.35473905019569058 -0.21840055057807814 -0.17386745715427235 -0.16027642194054276 -2.7515209289458005 4.062543494657092 1 CAMERA 1 47
48 1 0.88241303747882849 -0.43552457801929639 -0.14834444050040937 -0.098282756377310737 -0.040457231496161643 -2.7635299994514018 4.5271638457044929 1 CAMERA 1 48
49 1 0.5090854176352575 -0.20187869249842616 -0.64900634141519165 -0.52807934997415806 -0.57401595251227788 -2.5561409272279816 3.4419791276979588 1 CAMERA 1 49
50 1 0.29373627980975608 0.065745229050524268 0.28366029565677614 0.91045779663229276 0.18124289563719723 0.29542219601823932 1.5958282177916103 1 CAMERA 1 50
51 1 0.22848065518557972 0.01980952582160566 0.41324757319283745 0.88126648418223763 0.099026882355052304 -0.43571084716740371 1.6069201522177627 1 CAMERA 1 51
52 1 0.64545400568827394 -0.13182232708106814 -0.4918578499006856 -0.56928714732985886 -0.57333549802020045 -2.1901758797583479 2.7454739081933468 1 CAMERA 1 52
53 1 0.99035695648276734 -0.032227279063569501 -0.071982189037767999 -0.11389936651131925 0.009339598567005742 -1.9621874031704343 2.3879799497927379 1 CAMERA 1 53
54 1 0.48786114572398842 0.038036252371243952 0.36990871045796347 0.78975457702108642 0.38850127189198402 -0.56966733825701399 1.6626935750650738 1 CAMERA 1 54
55 1 0.19453741845189151 -0.011242388868094392 0.54099929909041045 0.81813725003711746 0.059532800414430175 -1.198298078783941 1.8448077789210793 1 CAMERA 1 55
56 1 0.22506777076071197 0.0053339596519254564 0.46847977566682586 0.85430834435255043 0.093799318661417164 -0.77540516797073555 1.6867309032575695 1 CAMERA 1 56
57 1 0.84790767101937436 -0.08229817221987179 -0.30062017304098437 -0.42884391547109219 -0.42230791384776656 -2.0528416660034527 2.5309345274602904 1 CAMERA 1 57
58 1 0.43590600387874051 -0.098669286100192669 0.60091108800557036 0.66268860868050805 0.35008583976427848 -1.9590619316776916 2.4210799565405825 1 CAMERA 1 58
59 1 0.93005799865615169 -0.30712798322169482 0.14723630858753176 0.13778966032110468 0.37061083961105318 -2.6550336223502584 3.6452899666214122 1 CAMERA 1 59
60 1 0.27728911400197409 -0.045739983897805404 0.6057770634841364 0.74434719753994194 0.16423314222529645 -1.6775495168987806 2.1575329605175404 1 CAMERA 1 60
61 1 -0.29538541411290503 0.12896879185765589 0.75230684034023476 0.57458587333262623 -0.4652630599172029 -2.5423354893399694 3.3491835524964557 1 CAMERA 1 61
62 1 0.99614928847938577 0.082321692350869752 -0.015532161372883851 -0.025855096085470028 0.13418692630185902 -1.4528252773422612 1.9895796779291754 1 CAMERA 1 62
63 1 0.9773337820939958 -0.21141382405500012 0.0051657460687700423 0.0098075707410342234 0.17592498740997373 -2.5109266723521206 3.1860044768238338 1 CAMERA 1 63
64 1 0.75515304514249748 0.071952195439980479 -0.26479847750783037 -0.59535579806777295 -0.52383404567847835 -1.080788527441759 1.8479982466833644 1 CAMERA 1 64
65 1 0.78859137844484661 0.12977777666885976 -0.20730553646638725 -0.56418594547872947 -0.48499822508559559 -0.79984899349373406 1.7346112447358808 1 CAMERA 1 65
66 1 0.25841040340121157 -0.051859407709286875 0.63506184797221099 0.72610682030689222 0.14344939708256568 -1.8251495911876892 2.2770921717530253 1 CAMERA 1 66
67 1 0.8334051502914761 -0.10356513016464335 0.32029132853164244 0.43831904379008896 0.57971210051407407 -1.9248106051172258 2.4379080412760179 1 CAMERA 1 67
68 1 -0.010067719883669593 0.0075950746372288255 0.79923765643325417 0.60088278756898872 -0.17718612052906002 -2.5103397118929931 3.190716582540047 1 CAMERA 1 68
69 1 0.86680570058941708 -0.41876292126805503 0.22071662117902138 0.15674714138398538 0.42983159446347086 -2.7358342377400624 4.3019225258885792 1 CAMERA 1 69
70 1 -0.034555389108551014 0.014655383263552268 0.74471499198383551 0.66632629059603432 -0.20446938770915973 -2.2804328047405242 2.7891364860378514 1 CAMERA 1 70
71 1 0.9611243971209239 -0.14141659968505202 -0.14792566901390361 -0.18536244236427024 -0.10485785996614927 -2.3446370355437165 2.8697010164952137 1 CAMERA 1 71
72 1 0.39369275160065542 -0.12383483523001347 0.66619614075175049 0.62117119457371317 0.31140476970848152 -2.2417360458237443 2.7498391538175531 1 CAMERA 1 72
73 1 0.22500285556095853 -0.058551126243382386 0.68272304071910506 0.69270103960966112 0.1056590597341234 -2.0548433824410908 2.4980497247420397 1 CAMERA 1 73
74 1 0.94555212455622761 0.24460754967048476 0.052685562080491119 0.2081407166790494 0.38190468867382599 -0.45559562232558687 1.6372374777336942 1 CAMERA 1 74
75 1 0.77411825604404183 -0.32291635758462767 0.42778862600515338 0.33684246039392229 0.57602330886528796 -2.6316690908111737 3.7047398108167053 1 CAMERA 1 75
76 1 0.42811032437301227 -0.18540208524577304 0.70554989338813356 0.53342943759390238 0.36709441428967438 -2.5311546953825905 3.2827420464948407 1 CAMERA 1 76
77 1 0.63646722402380251 -0.22941065610940128 0.55753001864859164 0.48108263522246381 0.53930107072151312 -2.4591648391997856 3.191995659321023 1 CAMERA 1 77
78 1 0.98554713032646546 0.16933058531258241 -0.0023236846246229917 0.0043136148104034747 0.17301459490342283 -1.0103544159707953 1.7714958071166171 1 CAMERA 1 78
79 1 0.7666447586473627 -0.22067229626049875 -0.43047918942847979 -0.42219334335188741 -0.48729462233225102 -2.5243393826770366 3.3128405850985829 1 CAMERA 1 79
80 1 0.74858490908717668 -0.32078488688722712 -0.46137015582336166 -0.35193077379964877 -0.47114549042123804 -2.7074346778284668 3.9945231597396917 1 CAMERA 1 80
81 1 0.53209285536403494 -0.22642501975620441 -0.64559913734785546 -0.49880923964443108 -0.57783325356020121 -2.6088566510971432 3.6123116343103798 1 CAMERA 1 81
82 1 0.43538279010479969 -0.1788219763254254 0.69379637520327964 0.54507900034620582 0.37041772760064712 -2.4906422455028743 3.1931450809051345 1 CAMERA 1 82
83 1 0.94140378911727574 0.0041207304761216208 0.16117640230767949 0.29625005106350943 0.48535547282822555 -1.5939751938398445 2.1329551892060312 1 CAMERA 1 83
84 1 0.70171803165723956 0.14335415811177687 0.21391134616774982 0.66429159665003623 0.55792450887306289 -0.16300320389155545 1.6360897026520633 1 CAMERA 1 84
85 1 -0.4488010856380924 0.20854318965822116 0.70485320670357532 0.50820200764748236 -0.55770734210237261 -2.6301764550831206 3.6767224472879061 1 CAMERA 1 85
86 1 0.9470188651985213 0.062136318361739135 -0.13839406962567863 -0.28309261451156997 -0.19977867658755788 -1.508831475234327 2.0276654881447769 1 CAMERA 1 86
87 1 0.99049171241375011 -0.12523635739443695 -0.036186624764053106 -0.043960784961549593 0.1009968008434404 -2.285146335835301 2.7800924416031658 1 CAMERA 1 87
88 1 0.54172178701831453 -0.24205580706136318 -0.64579119562157439 -0.4805207835205606 -0.57830013348794096 -2.6382344326946878 3.7280164165964913 1 CAMERA 1 88
89 1 0.9045741605586014 -0.20825874507823086 -0.25176003806225367 -0.27384442003268 -0.26640339799047014 -2.5168351093021397 3.2152537259014515 1 CAMERA 1 89
90 1 -0.41776409364302175 0.099537105673955434 0.60985982425199337 0.66606044877323567 -0.53494349422193133 -2.1041775501932265 2.6220036178918678 1 CAMERA 1 90
91 1 0.9049350564658909 -0.029282596891463612 -0.22174960567893773 -0.3620251171943773 -0.32126502188214906 -1.8762559661787022 2.3298596617137322 1 CAMERA 1 91
92 1 0.99330175933224363 0.088683792850904289 0.027397379958855519 0.068819934353629569 0.24800086033570337 -1.3857073864431844 1.9596534970788362 1 CAMERA 1 92
93 1 0.24755213086894445 -0.01396093064630939 0.53006794649822575 0.81089518867291854 0.12244191297027039 -1.1807189447803943 1.8382792176868998 1 CAMERA 1 93
94 1 0.78664869309114394 -0.11369356116449517 -0.37137916731706505 -0.47993241387784402 -0.48933705411954881 -2.149231265099627 2.6628394798612862 1 CAMERA 1 94
95 1 0.4937045612109216 -0.18100071410267779 0.64768395914772559 0.5513619834524135 0.42483820489676788 -2.4104397173496506 3.0504465426848331 1 CAMERA 1 95
96 1 0.27277080228228395 -0.079473537448991105 0.68979236007497047 0.66593283914357704 0.16710397310381869 -2.1523881128531959 2.6159296473629148 1 CAMERA 1 96
97 1 0.939784254190694 -0.28288426424215607 0.13626339322650771 0.13496049898326978 0.36267812814053785 -2.6174756456727777 3.5109821543038766 1 CAMERA 1 97
98 1 0.84998916826680271 -0.27771602760948738 -0.33091796092143377 -0.30147226236839103 -0.34667248828393915 -2.6558748050694936 3.6353301872823178 1 CAMERA 1 98
99 1 0.58067556232716799 0.052722158342510372 0.33394329717781712 0.7406201047809482 0.4741306108664457 -0.58528308904371695 1.6806178454363996 1 CAMERA 1 99
100 1 -0.014233535650649751 0.0073199792672255983 0.72327501857629062 0.69037458808235097 -0.18137016824435612 -2.1712937363977063 2.6399222329078924 1 CAMERA 1 100
